Location: 42.310085, -82.899116
Gauge: East Banwell PS
Date: 2023-07-07