Location: 42.291963, -82.919233
Gauge: Twin Oaks Dr.
Date: 2023-07-06